basDt,srtnCd,isinCd,itmsNm,mrktCtg,clpr,vs,fltRt,mkp,hipr,lopr,trqu,trPrc,lstgStCnt,mrktTotAmt
20240102,030200,KR7030200000,KT,KOSPI,34150,-250,-.73,33850,34350,33800,608435,20711126450,257860760,8805944954000
20240103,030200,KR7030200000,KT,KOSPI,33600,-550,-1.61,33900,34250,33500,684490,23071611900,257860760,8664121536000
20240104,030200,KR7030200000,KT,KOSPI,33550,-50,-.15,33650,33900,33300,478994,16048964900,257860760,8651228498000
20240105,030200,KR7030200000,KT,KOSPI,33500,-50,-.15,33250,33550,33250,334395,11168046050,257860760,8638335460000
20240108,030200,KR7030200000,KT,KOSPI,33650,150,.45,33500,33850,33300,368284,12366067750,257860760,8677014574000
20240109,030200,KR7030200000,KT,KOSPI,33700,50,.15,33950,33950,33500,306649,10331861000,257860760,8689907612000
20240110,030200,KR7030200000,KT,KOSPI,33700,0,0,33700,33700,33450,271456,9117202650,257860760,8689907612000
20240111,030200,KR7030200000,KT,KOSPI,33450,-250,-.74,33700,33850,33450,518440,17414206450,257860760,8625442422000
20240112,030200,KR7030200000,KT,KOSPI,33550,100,.3,33500,33750,33300,262218,8787746650,257860760,8651228498000
20240115,030200,KR7030200000,KT,KOSPI,33550,0,0,33600,33650,33400,266081,8916773600,257860760,8651228498000
20240116,030200,KR7030200000,KT,KOSPI,33150,-400,-1.19,33450,33550,33000,344106,11437823100,257860760,8548084194000
20240117,030200,KR7030200000,KT,KOSPI,33300,150,.45,33300,33400,32950,362802,12038656200,257860760,8586763308000
20240118,030200,KR7030200000,KT,KOSPI,33800,500,1.5,33400,33800,33200,489997,16448305290,257860760,8715693688000
20240119,030200,KR7030200000,KT,KOSPI,33750,-50,-.15,33950,33950,33600,352710,11899222900,257860760,8702800650000
20240122,030200,KR7030200000,KT,KOSPI,33700,-50,-.15,33850,33850,33500,279104,9389208050,257860760,8689907612000
20240123,030200,KR7030200000,KT,KOSPI,33650,-50,-.15,33800,33800,33300,343205,11522993850,257860760,8677014574000
20240124,030200,KR7030200000,KT,KOSPI,33700,50,.15,33600,33700,33250,445287,14860114050,257860760,8689907612000
20240125,030200,KR7030200000,KT,KOSPI,34200,500,1.48,33550,34500,33500,531608,18113794800,257860760,8818837992000
20240126,030200,KR7030200000,KT,KOSPI,34800,600,1.75,34300,35100,34200,717318,24976784400,257860760,8973554448000
20240129,030200,KR7030200000,KT,KOSPI,34750,-50,-.14,35050,35200,34750,512271,17924124750,257860760,8960661410000
20240130,030200,KR7030200000,KT,KOSPI,35100,350,1.01,35000,35250,34850,531110,18615738850,257860760,9050912676000
20240131,030200,KR7030200000,KT,KOSPI,35400,300,.85,35100,35400,34950,898524,31669470968,257860760,9128270904000
20240201,030200,KR7030200000,KT,KOSPI,36900,1500,4.24,35100,37000,35100,1912993,69626634340,257860760,9515062044000
20240202,030200,KR7030200000,KT,KOSPI,38550,1650,4.47,37800,39100,37350,2442529,93630940100,257860760,9940532298000
20240205,030200,KR7030200000,KT,KOSPI,38000,-550,-1.43,38150,38400,37300,1509744,57202066350,257860760,9798708880000
20240206,030200,KR7030200000,KT,KOSPI,37850,-150,-.39,37650,38200,37550,1155502,43746224103,257860760,9760029766000
20240207,030200,KR7030200000,KT,KOSPI,38150,300,.79,38400,38900,38050,1258413,48330331300,257860760,9837387994000
20240208,030200,KR7030200000,KT,KOSPI,37650,-500,-1.31,38150,38200,37000,1198879,45055746750,257860760,9708457614000
20240213,030200,KR7030200000,KT,KOSPI,38350,700,1.86,37900,38700,37800,908809,34849860500,257860760,9888960146000
20240214,030200,KR7030200000,KT,KOSPI,37850,-500,-1.3,37900,38300,37650,709214,26865272700,257860760,9760029766000
20240215,030200,KR7030200000,KT,KOSPI,38450,600,1.59,38200,38500,38050,659244,25257163800,257860760,9914746222000
20240216,030200,KR7030200000,KT,KOSPI,39450,1000,2.6,38750,39450,38500,1046157,40770452300,257860760,10172606982000
20240219,030200,KR7030200000,KT,KOSPI,42200,2750,6.97,39700,42400,39650,2049709,85290552650,257860760,10881724072000
20240220,030200,KR7030200000,KT,KOSPI,41450,-750,-1.78,42200,42200,41100,1095994,45482183725,257860760,10688328502000
20240221,030200,KR7030200000,KT,KOSPI,39500,-1950,-4.7,40800,41000,39000,1519696,60317634450,257860760,10185500020000
20240222,030200,KR7030200000,KT,KOSPI,39900,400,1.01,39750,40200,39150,675913,26871714350,257860760,10288644324000
20240223,030200,KR7030200000,KT,KOSPI,39400,-500,-1.25,40000,40350,39300,639379,25319747859,257860760,10159713944000
20240226,030200,KR7030200000,KT,KOSPI,38700,-700,-1.78,39750,39800,38500,591319,23013690000,257860760,9979211412000
20240227,030200,KR7030200000,KT,KOSPI,38100,-600,-1.55,38800,39100,37650,716616,27338435850,257860760,9824494956000
20240228,030200,KR7030200000,KT,KOSPI,38400,300,.79,37950,38650,37250,852237,32297621000,257860760,9901853184000
20240229,030200,KR7030200000,KT,KOSPI,39100,700,1.82,38200,39100,38200,873016,33939357950,257860760,10082355716000
20240304,030200,KR7030200000,KT,KOSPI,38600,-500,-1.28,39250,39750,38600,591873,23092081950,257860760,9953425336000
20240305,030200,KR7030200000,KT,KOSPI,38900,300,.78,38600,39450,38450,649786,25423022275,257860760,10030783564000
20240306,030200,KR7030200000,KT,KOSPI,39000,100,.26,38800,39350,38650,469190,18311652200,257860760,10056569640000
20240307,030200,KR7030200000,KT,KOSPI,39050,50,.13,38900,39200,38700,392806,15298822350,257860760,10069462678000
20240308,030200,KR7030200000,KT,KOSPI,38750,-300,-.77,39050,39500,38600,565329,22021764350,257860760,9992104450000
20240311,030200,KR7030200000,KT,KOSPI,38250,-500,-1.29,38500,38700,38200,433982,16640440100,257860760,9863174070000
20240312,030200,KR7030200000,KT,KOSPI,37950,-300,-.78,38600,38750,37650,559280,21273646600,257860760,9785815842000
20240313,030200,KR7030200000,KT,KOSPI,38000,50,.13,38150,38300,37800,407925,15503893650,257860760,9798708880000
20240314,030200,KR7030200000,KT,KOSPI,38550,550,1.45,38450,38900,38250,990675,38228193800,257860760,9940532298000
20240315,030200,KR7030200000,KT,KOSPI,38250,-300,-.78,38350,38600,37850,741413,28339776050,257860760,9863174070000
20240318,030200,KR7030200000,KT,KOSPI,38000,-250,-.65,38650,38700,37900,300766,11453697000,257860760,9798708880000
20240319,030200,KR7030200000,KT,KOSPI,37350,-650,-1.71,37650,37900,37300,463014,17375308200,257860760,9631099386000
20240320,030200,KR7030200000,KT,KOSPI,37300,-50,-.13,37600,37750,37150,339179,12665848700,257860760,9618206348000
20240321,030200,KR7030200000,KT,KOSPI,38350,1050,2.82,37750,38650,37600,643752,24597023850,257860760,9888960146000
20240322,030200,KR7030200000,KT,KOSPI,38750,400,1.04,38450,39400,38450,568380,22053099150,257860760,9992104450000
20240325,030200,KR7030200000,KT,KOSPI,37850,-900,-2.32,38750,38750,37850,492046,18761930000,257860760,9760029766000
20240326,030200,KR7030200000,KT,KOSPI,38800,950,2.51,38250,39100,38000,515183,20007401350,257860760,10004997488000
20240327,030200,KR7030200000,KT,KOSPI,38650,-150,-.39,38150,38850,38150,328026,12680414800,257860760,9966318374000
20240328,030200,KR7030200000,KT,KOSPI,37950,-700,-1.81,38400,38650,37950,443686,16935311700,257860760,9785815842000
20240329,030200,KR7030200000,KT,KOSPI,37700,-250,-.66,38300,38450,37700,277999,10568696600,257860760,9721350652000
20240401,030200,KR7030200000,KT,KOSPI,37700,0,0,38150,38150,37600,225734,8520583450,257860760,9721350652000
20240402,030200,KR7030200000,KT,KOSPI,37000,-700,-1.86,37300,37550,36900,704204,26118280500,257860760,9540848120000
20240403,030200,KR7030200000,KT,KOSPI,36050,-950,-2.57,36950,37000,36000,668260,24269202050,257860760,9295880398000
20240404,030200,KR7030200000,KT,KOSPI,36350,300,.83,36400,36650,36200,408786,14873765700,257860760,9373238626000
20240405,030200,KR7030200000,KT,KOSPI,36150,-200,-.55,36000,36550,35900,525240,19041277198,257164985,9296514207750
20240408,030200,KR7030200000,KT,KOSPI,36850,700,1.94,36150,37050,35700,751062,27501011702,257164985,9476529697250
20240409,030200,KR7030200000,KT,KOSPI,36400,-450,-1.22,36950,37100,36300,272494,9979135450,257164985,9360805454000
20240411,030200,KR7030200000,KT,KOSPI,35400,-1000,-2.75,35100,35750,34550,1123217,39688754862,257164985,9103640469000
20240412,030200,KR7030200000,KT,KOSPI,34600,-800,-2.26,35050,35450,34300,912532,31620487900,257164985,8897908481000
20240415,030200,KR7030200000,KT,KOSPI,34450,-150,-.43,34300,34600,34050,546411,18763378072,257164985,8859333733250
20240416,030200,KR7030200000,KT,KOSPI,34250,-200,-.58,34400,34900,34000,712700,24504717812,257164985,8807900736250
20240417,030200,KR7030200000,KT,KOSPI,33600,-650,-1.9,34300,34550,33400,660749,22275544635,257164985,8640743496000
20240418,030200,KR7030200000,KT,KOSPI,33650,50,.15,34000,34200,33350,595434,20046847874,257164985,8653601745250
20240419,030200,KR7030200000,KT,KOSPI,33300,-350,-1.04,33350,33650,33000,773900,25745232827,257164985,8563594000500
20240422,030200,KR7030200000,KT,KOSPI,34300,1000,3,33850,34650,33750,695549,23811713450,257164985,8820758985500
20240423,030200,KR7030200000,KT,KOSPI,34550,250,.73,34350,34850,34200,476712,16453137400,257164985,8885050231750
20240424,030200,KR7030200000,KT,KOSPI,34650,100,.29,34950,35200,34500,487124,16942098100,257164985,8910766730250
20240425,030200,KR7030200000,KT,KOSPI,34100,-550,-1.59,34250,34400,33950,460462,15740867250,257164985,8769325988500
20240426,030200,KR7030200000,KT,KOSPI,34500,400,1.17,34200,34600,33850,475488,16325037450,257164985,8872191982500
20240429,030200,KR7030200000,KT,KOSPI,34600,100,.29,34800,34950,34500,434261,15066294600,257164985,8897908481000
20240430,030200,KR7030200000,KT,KOSPI,34600,0,0,34500,34850,34500,550251,19093411700,257164985,8897908481000
20240502,030200,KR7030200000,KT,KOSPI,34600,0,0,34600,34850,34550,640334,22205582870,257164985,8897908481000
20240503,030200,KR7030200000,KT,KOSPI,34500,-100,-.29,34750,34800,34300,569625,19631565409,257164985,8872191982500
20240507,030200,KR7030200000,KT,KOSPI,35600,1100,3.19,34800,35850,34750,918936,32648677100,257164985,9155073466000
20240508,030200,KR7030200000,KT,KOSPI,35400,-200,-.56,35800,35900,35350,492090,17483531000,257164985,9103640469000
20240509,030200,KR7030200000,KT,KOSPI,35650,250,.71,35650,36100,35350,736719,26342836250,257164985,9167931715250
20240510,030200,KR7030200000,KT,KOSPI,35800,150,.42,36400,36650,35800,721321,26059338600,257164985,9206506463000
20240513,030200,KR7030200000,KT,KOSPI,35800,0,0,36000,36250,35700,372289,13366720200,257164985,9206506463000
20240514,030200,KR7030200000,KT,KOSPI,36550,750,2.09,36000,37100,35800,838398,30724092598,257164985,9399380201750
20240516,030200,KR7030200000,KT,KOSPI,37700,1150,3.15,37150,38250,36950,1245646,46865367150,257164985,9695119934500
20240517,030200,KR7030200000,KT,KOSPI,37250,-450,-1.19,37250,37700,36950,650395,24258451250,257164985,9579395691250
20240520,030200,KR7030200000,KT,KOSPI,37100,-150,-.4,37600,37650,36900,471588,17513736400,257164985,9540820943500
20240521,030200,KR7030200000,KT,KOSPI,36800,-300,-.81,36600,37100,36500,225333,8296986250,257164985,9463671448000
20240522,030200,KR7030200000,KT,KOSPI,37050,250,.68,37150,38100,37000,344675,12825678300,257164985,9527962694250
20240523,030200,KR7030200000,KT,KOSPI,36250,-800,-2.16,36650,36650,36250,317933,11568509500,257164985,9322230706250
20240524,030200,KR7030200000,KT,KOSPI,36350,100,.28,36050,36500,36000,365719,13262651050,257164985,9347947204750
20240527,030200,KR7030200000,KT,KOSPI,36600,250,.69,36550,36850,36300,257754,9420888950,257164985,9412238451000
20240528,030200,KR7030200000,KT,KOSPI,36150,-450,-1.23,36450,36750,36150,269091,9787531500,257164985,9296514207750
20240529,030200,KR7030200000,KT,KOSPI,36000,-150,-.41,35800,36400,35650,432178,15577823400,257164985,9257939460000
20240530,030200,KR7030200000,KT,KOSPI,36150,150,.42,35700,36700,35700,482431,17524752400,257164985,9296514207750
20240531,030200,KR7030200000,KT,KOSPI,36600,450,1.24,36700,37700,36600,3133306,115331349850,257164985,9412238451000
20240603,030200,KR7030200000,KT,KOSPI,37250,650,1.78,36850,37550,36750,648472,24220559900,257164985,9579395691250
20240604,030200,KR7030200000,KT,KOSPI,36450,-800,-2.15,36650,36900,36300,582284,21249508750,257164985,9373663703250
20240605,030200,KR7030200000,KT,KOSPI,36750,300,.82,36650,37000,36550,762426,28017386400,257164985,9450813198750
20240607,030200,KR7030200000,KT,KOSPI,37150,400,1.09,36650,37250,36600,832008,30765577850,252021685,9362605597750
20240610,030200,KR7030200000,KT,KOSPI,36800,-350,-.94,36700,37250,36650,287902,10626230750,252021685,9274398008000
20240611,030200,KR7030200000,KT,KOSPI,36800,0,0,36800,37250,36750,430147,15886184450,252021685,9274398008000
20240612,030200,KR7030200000,KT,KOSPI,36800,0,0,36700,37000,36550,514967,18909202320,252021685,9274398008000
20240613,030200,KR7030200000,KT,KOSPI,36350,-450,-1.22,37000,37400,36250,932513,34136266450,252021685,9160988249750
20240614,030200,KR7030200000,KT,KOSPI,36400,50,.14,36250,36700,36100,625746,22795772500,252021685,9173589334000
20240617,030200,KR7030200000,KT,KOSPI,36200,-200,-.55,36250,36650,36100,256454,9307514650,252021685,9123184997000
20240618,030200,KR7030200000,KT,KOSPI,36300,100,.28,36200,36450,36000,379229,13710033000,252021685,9148387165500
20240619,030200,KR7030200000,KT,KOSPI,36400,100,.28,36500,36850,36200,398997,14595356000,252021685,9173589334000
20240620,030200,KR7030200000,KT,KOSPI,36500,100,.27,36350,36750,36350,254847,9314720700,252021685,9198791502500
20240621,030200,KR7030200000,KT,KOSPI,37000,500,1.37,36700,37000,36500,530781,19562643300,252021685,9324802345000
20240624,030200,KR7030200000,KT,KOSPI,36850,-150,-.41,36800,37150,36500,377568,13947774200,252021685,9286999092250
20240625,030200,KR7030200000,KT,KOSPI,37250,400,1.09,37200,37500,37000,449477,16732059350,252021685,9387807766250
20240626,030200,KR7030200000,KT,KOSPI,37200,-50,-.13,37150,37250,36750,447280,16588138800,252021685,9375206682000
20240627,030200,KR7030200000,KT,KOSPI,36450,-750,-2.02,36800,36800,36150,605689,22029481850,252021685,9186190418250
20240628,030200,KR7030200000,KT,KOSPI,37400,950,2.61,36500,37400,36500,485907,18050957650,252021685,9425611019000
20240701,030200,KR7030200000,KT,KOSPI,36900,-500,-1.34,37350,37400,36750,260635,9619410900,252021685,9299600176500
20240702,030200,KR7030200000,KT,KOSPI,36250,-650,-1.76,36500,36750,36150,412142,14993446800,252021685,9135786081250
20240703,030200,KR7030200000,KT,KOSPI,36500,250,.69,36400,36750,36300,314016,11471740950,252021685,9198791502500
20240704,030200,KR7030200000,KT,KOSPI,36550,50,.14,36500,36750,36150,463494,16851195550,252021685,9211392586750
20240705,030200,KR7030200000,KT,KOSPI,36350,-200,-.55,36550,36750,36250,415919,15154848150,252021685,9160988249750
20240708,030200,KR7030200000,KT,KOSPI,36000,-350,-.96,36250,36450,36000,379847,13730983300,252021685,9072780660000
20240709,030200,KR7030200000,KT,KOSPI,36150,150,.42,36300,36400,35900,366289,13210522050,252021685,9110583912750
20240710,030200,KR7030200000,KT,KOSPI,36000,-150,-.41,35900,36200,35850,312122,11247557850,252021685,9072780660000
20240711,030200,KR7030200000,KT,KOSPI,36700,700,1.94,36350,36700,36200,473091,17272815000,252021685,9249195839500
20240712,030200,KR7030200000,KT,KOSPI,36500,-200,-.54,36700,36750,36200,399553,14567971950,252021685,9198791502500
20240715,030200,KR7030200000,KT,KOSPI,36300,-200,-.55,36650,36700,36250,204371,7430107650,252021685,9148387165500
20240716,030200,KR7030200000,KT,KOSPI,36500,200,.55,36350,36650,36200,238648,8701524600,252021685,9198791502500
20240717,030200,KR7030200000,KT,KOSPI,36500,0,0,36600,36800,36400,329732,12072374650,252021685,9198791502500
20240718,030200,KR7030200000,KT,KOSPI,37900,1400,3.84,36800,37900,36650,1164342,43595049800,252021685,9551621861500
20240719,030200,KR7030200000,KT,KOSPI,37100,-800,-2.11,37500,37550,36750,377854,13996502600,252021685,9350004513500
20240722,030200,KR7030200000,KT,KOSPI,37500,400,1.08,37050,37800,36950,452969,17003196550,252021685,9450813187500
20240723,030200,KR7030200000,KT,KOSPI,37900,400,1.07,37650,38100,37650,349862,13242450600,252021685,9551621861500
20240724,030200,KR7030200000,KT,KOSPI,37700,-200,-.53,37600,37900,37400,302728,11401205800,252021685,9501217524500
20240725,030200,KR7030200000,KT,KOSPI,37950,250,.66,37900,38750,37700,761575,29177556050,252021685,9564222945750
20240726,030200,KR7030200000,KT,KOSPI,38650,700,1.84,38050,38800,38000,485920,18730766350,252021685,9740638125250
20240729,030200,KR7030200000,KT,KOSPI,39100,450,1.16,38700,39300,38500,450863,17589178300,252021685,9854047883500
20240730,030200,KR7030200000,KT,KOSPI,38950,-150,-.38,38750,39450,38350,475185,18543478500,252021685,9816244630750
20240731,030200,KR7030200000,KT,KOSPI,39850,900,2.31,39100,39900,38900,772348,30610587513,252021685,10043064147250
20240801,030200,KR7030200000,KT,KOSPI,38750,-1100,-2.76,39500,40000,38650,727234,28315495000,252021685,9765840293750
20240802,030200,KR7030200000,KT,KOSPI,38850,100,.26,38400,39200,38150,663751,25775715200,252021685,9791042462250
20240805,030200,KR7030200000,KT,KOSPI,37050,-1800,-4.63,38950,39400,36600,996537,37559975450,252021685,9337403429250
20240806,030200,KR7030200000,KT,KOSPI,36550,-500,-1.35,38350,38400,36400,1089085,40663040150,252021685,9211392586750
20240807,030200,KR7030200000,KT,KOSPI,37800,1250,3.42,36200,38200,36150,640328,24077624850,252021685,9526419693000
20240808,030200,KR7030200000,KT,KOSPI,39250,1450,3.84,37500,39400,37450,994104,38607329550,252021685,9891851136250
20240809,030200,KR7030200000,KT,KOSPI,38100,-1150,-2.93,38750,38850,37800,618451,23631441800,252021685,9602026198500
20240812,030200,KR7030200000,KT,KOSPI,38000,-100,-.26,38400,38450,37400,380832,14403118750,252021685,9576824030000
20240813,030200,KR7030200000,KT,KOSPI,38700,700,1.84,37750,39000,37750,547174,21167132750,252021685,9753239209500
20240814,030200,KR7030200000,KT,KOSPI,38300,-400,-1.03,38550,38700,37900,418197,15979967350,252021685,9652430535500
20240816,030200,KR7030200000,KT,KOSPI,37900,-400,-1.04,38650,38800,37900,475540,18199346350,252021685,9551621861500
20240819,030200,KR7030200000,KT,KOSPI,38250,350,.92,38000,38350,37900,245609,9379411000,252021685,9639829451250
20240820,030200,KR7030200000,KT,KOSPI,38700,450,1.18,38300,39050,38200,348906,13519973100,252021685,9753239209500
20240821,030200,KR7030200000,KT,KOSPI,39150,450,1.16,39000,39450,38700,456982,17940815000,252021685,9866648967750
20240822,030200,KR7030200000,KT,KOSPI,39300,150,.38,39200,39400,38900,253439,9933531250,252021685,9904452220500
20240823,030200,KR7030200000,KT,KOSPI,39600,300,.76,39600,39950,39300,539439,21463277850,252021685,9980058726000
20240826,030200,KR7030200000,KT,KOSPI,39900,300,.76,39500,39950,39400,303972,12104022150,252021685,10055665231500
20240827,030200,KR7030200000,KT,KOSPI,40100,200,.5,40100,40150,39850,447809,17927965300,252021685,10106069568500
20240828,030200,KR7030200000,KT,KOSPI,39300,-800,-2,40000,40050,38900,515181,20325299150,252021685,9904452220500
20240829,030200,KR7030200000,KT,KOSPI,39000,-300,-.76,39300,39300,38900,336995,13162989450,252021685,9828845715000
20240830,030200,KR7030200000,KT,KOSPI,38600,-400,-1.03,39050,39150,38550,632942,24514837600,252021685,9728037041000
20240902,030200,KR7030200000,KT,KOSPI,39100,500,1.3,38950,39400,38800,391626,15327148100,252021685,9854047883500
20240903,030200,KR7030200000,KT,KOSPI,40200,1100,2.81,39400,40500,39300,980318,39436334200,252021685,10131271737000
20240904,030200,KR7030200000,KT,KOSPI,39800,-400,-1,40150,40450,39600,940902,37627545500,252021685,10030463063000
20240905,030200,KR7030200000,KT,KOSPI,41200,1400,3.52,40000,41800,39850,1315504,54272871750,252021685,10383293422000
20240906,030200,KR7030200000,KT,KOSPI,41200,0,0,41200,41800,40950,991964,41074791700,252021685,10383293422000
20240909,030200,KR7030200000,KT,KOSPI,41400,200,.49,40900,41700,40900,1048158,43476104400,252021685,10433697759000
20240910,030200,KR7030200000,KT,KOSPI,41100,-300,-.72,41400,41450,40850,546614,22510158450,252021685,10358091253500
20240911,030200,KR7030200000,KT,KOSPI,41250,150,.36,41400,41900,40950,674844,27900060750,252021685,10395894506250
20240912,030200,KR7030200000,KT,KOSPI,41450,200,.48,41300,41500,40600,828387,34119063300,252021685,10446298843250
20240913,030200,KR7030200000,KT,KOSPI,42050,600,1.45,41450,42050,41150,598481,25032785150,252021685,10597511854250
20240919,030200,KR7030200000,KT,KOSPI,41700,-350,-.83,42250,42400,40750,687715,28634738365,252021685,10509304264500
20240920,030200,KR7030200000,KT,KOSPI,41800,100,.24,41550,42000,40400,1057023,43727798800,252021685,10534506433000
20240923,030200,KR7030200000,KT,KOSPI,41350,-450,-1.08,41800,41850,41000,628765,26046432250,252021685,10421096674750
20240924,030200,KR7030200000,KT,KOSPI,41400,50,.12,41400,41500,40950,348237,14365896750,252021685,10433697759000
20240925,030200,KR7030200000,KT,KOSPI,40500,-900,-2.17,41850,41900,40500,688527,28198289650,252021685,10206878242500
20240926,030200,KR7030200000,KT,KOSPI,41500,1000,2.47,40550,41500,40150,905663,37338572997,252021685,10458899927500
20240927,030200,KR7030200000,KT,KOSPI,40300,-1200,-2.89,41500,41500,40100,944997,38236134800,252021685,10156473905500
20240930,030200,KR7030200000,KT,KOSPI,40200,-100,-.25,41100,41650,40100,873763,35587472550,252021685,10131271737000
20241002,030200,KR7030200000,KT,KOSPI,39750,-450,-1.12,39750,39950,39350,689431,27367597450,252021685,10017861978750
20241004,030200,KR7030200000,KT,KOSPI,40800,1050,2.64,40100,40900,39700,533935,21543459750,252021685,10282484748000
20241007,030200,KR7030200000,KT,KOSPI,41050,250,.61,40650,41050,40150,439256,17887232700,252021685,10345490169250
20241008,030200,KR7030200000,KT,KOSPI,40150,-900,-2.19,40800,40950,40000,471341,18969616850,252021685,10118670652750
20241010,030200,KR7030200000,KT,KOSPI,40300,150,.37,41000,41100,40300,497129,20170267250,252021685,10156473905500
20241011,030200,KR7030200000,KT,KOSPI,40200,-100,-.25,40800,41150,39900,454691,18304131875,252021685,10131271737000
20241014,030200,KR7030200000,KT,KOSPI,40900,700,1.74,40350,40900,40250,521649,21187053900,252021685,10307686916500
20241015,030200,KR7030200000,KT,KOSPI,41000,100,.24,41000,41150,40700,427492,17496121300,252021685,10332889085000
20241016,030200,KR7030200000,KT,KOSPI,42700,1700,4.15,41150,42700,40800,1251909,52760607650,252021685,10761325949500
20241017,030200,KR7030200000,KT,KOSPI,42800,100,.23,42700,43350,42450,634114,27143477550,252021685,10786528118000
20241018,030200,KR7030200000,KT,KOSPI,42900,100,.23,43300,44300,42700,973119,42387731650,252021685,10811730286500
20241021,030200,KR7030200000,KT,KOSPI,42950,50,.12,43000,43550,42600,345796,14869204000,252021685,10824331370750
20241022,030200,KR7030200000,KT,KOSPI,44000,1050,2.44,42800,44150,42650,968341,42422004966,252021685,11088954140000
20241023,030200,KR7030200000,KT,KOSPI,42700,-1300,-2.95,43650,43900,42650,391716,16894120700,252021685,10761325949500
20241024,030200,KR7030200000,KT,KOSPI,43800,1100,2.58,43100,43800,42850,535842,23248423950,252021685,11038549803000
20241025,030200,KR7030200000,KT,KOSPI,44200,400,.91,44100,44200,43250,670316,29370148950,252021685,11139358477000
20241028,030200,KR7030200000,KT,KOSPI,43750,-450,-1.02,44150,44400,43200,394777,17247995000,252021685,11025948718750
20241029,030200,KR7030200000,KT,KOSPI,43750,0,0,43700,43950,43400,396504,17319410650,252021685,11025948718750
20241030,030200,KR7030200000,KT,KOSPI,44350,600,1.37,43700,44350,43300,669106,29465456523,252021685,11177161729750
20241031,030200,KR7030200000,KT,KOSPI,44350,0,0,44200,44350,43750,727675,32133364100,252021685,11177161729750
20241101,030200,KR7030200000,KT,KOSPI,44300,-50,-.11,44200,44500,44000,565415,25034849222,252021685,11164560645500
20241104,030200,KR7030200000,KT,KOSPI,44100,-200,-.45,43900,44400,43850,394392,17389979550,252021685,11114156308500
20241105,030200,KR7030200000,KT,KOSPI,43050,-1050,-2.38,44000,44100,43000,339517,14694299350,252021685,10849533539250
20241106,030200,KR7030200000,KT,KOSPI,43900,850,1.97,42900,44100,42900,685404,30009813785,252021685,11063751971500
20241107,030200,KR7030200000,KT,KOSPI,42850,-1050,-2.39,43500,43800,42850,952109,41323246275,252021685,10799129202250
20241108,030200,KR7030200000,KT,KOSPI,41100,-1750,-4.08,43350,43700,40900,4935193,204433313192,252021685,10358091253500
20241111,030200,KR7030200000,KT,KOSPI,44400,3300,8.03,41500,44950,41500,2687086,117586055650,252021685,11189762814000
20241112,030200,KR7030200000,KT,KOSPI,43500,-900,-2.03,43650,44400,43300,661746,29003044436,252021685,10962943297500
20241113,030200,KR7030200000,KT,KOSPI,42600,-900,-2.07,42900,43400,42500,873207,37509502489,252021685,10736123781000
20241114,030200,KR7030200000,KT,KOSPI,41150,-1450,-3.4,43050,43200,41150,1320149,54854877774,252021685,10370692337750
20241115,030200,KR7030200000,KT,KOSPI,41500,350,.85,41750,42700,41400,633204,26537261350,252021685,10458899927500
20241118,030200,KR7030200000,KT,KOSPI,41800,300,.72,42100,42650,41400,881993,36839753800,252021685,10534506433000
20241119,030200,KR7030200000,KT,KOSPI,41750,-50,-.12,41750,42250,41250,1032839,43000266450,252021685,10521905348750
20241120,030200,KR7030200000,KT,KOSPI,43300,1550,3.71,41750,43650,41700,1325662,56797151422,252021685,10912538960500
20241121,030200,KR7030200000,KT,KOSPI,44000,700,1.62,43300,44750,43300,1126037,49932142274,252021685,11088954140000
20241122,030200,KR7030200000,KT,KOSPI,44500,500,1.14,44600,45150,44200,803429,35931263949,252021685,11214964982500
20241125,030200,KR7030200000,KT,KOSPI,44800,300,.67,44950,45050,44200,861708,38646715675,252021685,11290571488000
20241126,030200,KR7030200000,KT,KOSPI,45500,700,1.56,45050,46100,45000,1261175,57974242199,252021685,11466986667500
20241127,030200,KR7030200000,KT,KOSPI,47600,2100,4.62,47000,47600,46100,1353771,64215229989,252021685,11996232206000
20241128,030200,KR7030200000,KT,KOSPI,48850,1250,2.63,47950,48900,47750,1154966,56162098488,252021685,12311259312250
20241129,030200,KR7030200000,KT,KOSPI,48800,-50,-.1,48600,49200,47650,1006983,49212984907,252021685,12298658228000
20241202,030200,KR7030200000,KT,KOSPI,49000,200,.41,49000,50000,49000,880049,43687567239,252021685,12349062565000
20241203,030200,KR7030200000,KT,KOSPI,48650,-350,-.71,49600,49800,48650,704055,34768416011,252021685,12260854975250
20241204,030200,KR7030200000,KT,KOSPI,47850,-800,-1.64,47950,50000,47850,3183782,157459049886,252021685,12059237627250
20241205,030200,KR7030200000,KT,KOSPI,47700,-150,-.31,48150,48700,46600,1048702,49997661153,252021685,12021434374500
20241206,030200,KR7030200000,KT,KOSPI,45300,-2400,-5.03,48000,48800,45000,1245087,57420829080,252021685,11416582330500
20241209,030200,KR7030200000,KT,KOSPI,44300,-1000,-2.21,44600,44700,43650,710510,31417137950,252021685,11164560645500
20241210,030200,KR7030200000,KT,KOSPI,43850,-450,-1.02,44800,46000,43800,1031268,45871789311,252021685,11051150887250
20241211,030200,KR7030200000,KT,KOSPI,44600,750,1.71,44100,44750,43750,1055352,46863712093,252021685,11240167151000
20241212,030200,KR7030200000,KT,KOSPI,44250,-350,-.78,44800,45000,44250,913725,40551572746,252021685,11151959561250
20241213,030200,KR7030200000,KT,KOSPI,44850,600,1.36,44250,44850,43750,637307,28233778269,252021685,11303172572250
20241216,030200,KR7030200000,KT,KOSPI,46450,1600,3.57,45200,46450,45050,633149,29189733091,252021685,11706407268250
20241217,030200,KR7030200000,KT,KOSPI,45750,-700,-1.51,46450,47100,45350,762676,35014293398,252021685,11529992088750
20241218,030200,KR7030200000,KT,KOSPI,45800,50,.11,46050,46250,45350,376858,17319053601,252021685,11542593173000
20241219,030200,KR7030200000,KT,KOSPI,44950,-850,-1.86,46050,46200,44950,716519,32562653245,252021685,11328374740750
20241220,030200,KR7030200000,KT,KOSPI,44700,-250,-.56,45450,45600,44700,401252,18081692650,252021685,11265369319500
20241223,030200,KR7030200000,KT,KOSPI,45700,1000,2.24,45100,46100,45100,310041,14166860500,252021685,11517391004500
20241224,030200,KR7030200000,KT,KOSPI,46100,400,.88,46000,46200,45250,329750,15059154782,252021685,11618199678500
20241226,030200,KR7030200000,KT,KOSPI,45500,-600,-1.3,46100,46100,45300,286690,13095473300,252021685,11466986667500
20241227,030200,KR7030200000,KT,KOSPI,45000,-500,-1.1,45000,45400,44500,452178,20323715850,252021685,11340975825000
20241230,030200,KR7030200000,KT,KOSPI,43850,-1150,-2.56,45050,45100,43850,371915,16481671000,252021685,11051150887250
